5468
8815
74
7861
954
3463
9714
3066
5561
8116
7902
231
4925
1973
8471
1824
8636
2483
4259
433
4880
2754
9928
7903
9724
1087
7143
8530
6794
8507
9355
832
1670
4656
6146
9774
3067
7058
2588
6083
9126
9854
9099
4987
1317
976
4518
9413
2106
2839
691
2996
9806
6330
4072
8062
6517
9313
6102
372
7342
7071
2247
7217
8328
6416
8585
7242
179
5208
6404
6555
2151
7406
4706
5915
3963
9899
7106
6640
2023
4238
5888
9269
1420
324
3178
7039
2362
3169
1906
1846
9437
3312
8105
4187
9891
6879
6636
7229
6650
3283
3273
8139
4990
2687
6023
7017
8214
1332
2674
6183
4522
7906
2485
4494
5477
9097
6710
2548
3954
3085
2502
9895
30
3131
3882
4364
9240
9749
7395
4878
1458
375
3871
8611
3376
2333
446
5340
4381
5398
7829
9960
1784
674
392
9265
6565
5154
4063
8532
8887
6410
4871
4719
7256
6902
4758
7928
5575
4477
2315
4839
7481
549
4103
8236
6254
4670
6674
3507
966
3949
8282
6492
8443
7854
6796
7315
9375
7300
1680
7292
2696
5883
2720
6936
6955
1990
792
8192
2071
221
9570
3420
9330
5295
1237
5460
5816
4939
8610
3488
2798
9574
9710
7898
109
6379
6551
8391
7716
8296
8710
5094
4624
8171
2757
9104
7665
8796
8870
4579
2923
6255
9026
6604
986
2048
6939
7888
3261
741
7189
7867
3547
738
1148
6103
3486
2650
1427
2967
6224
8689
2723
7472
7298
408
8407
2647
396
5255
8219
4345
8316
9909
6020
2392
2046
3229
8197
4870
1615
5211
2254
75
2782
7549
2783
9906
4924
7913
3264
3588
4294
9498
1208
952
3580
4965
8045
7161
2747
5698
9121
3349
5242
2956
1020
8087
5619
5671
2097
9344
9796
9738
7314
5801
9225
1064
7473
4228
3736
5644
9507
7335
8906
6476
358
9113
6281
2447
8195
3984
9066
9883
7064
3498
8588
3744
2078
9937
8119
6010
8826
3435
2334
2219
5663
48
2644
8523
4619
3502
4695
6057
8250
9974
5845
5569
7603
6360
7043
6857
8065
6506
9663
2566
2117
4790
3761
9759
7948
9669
8362
5393
5557
3514
3602
5882
6494
748
2060
5750
6328
3753
4071
9235
525
4300
1914
7193
8991
7730
2871
1181
5844
6371
8226
3762
4088
2344
5640
9084
668
9790
6466
9141
8985
4891
3477
4496
9988
6205
5164
9620
7293
1314
8318
3314
2604
3782
9078
7107
3031
9411
5952
2869
5658
4777
5842
2222
5354
1209
4761
5584
2018
4510
3906
5487
9280
6413
4295
8706
5458
3334
2054
8747
2154
1699
2879
168
8286
3838
6808
9369
4395
5345
510
5379
5593
5480
7033
8228
6976
5923
8665
5872
1191
5675
51
8299
3225
3875
9670
1243
434
8146
6949
3524
5628
4586
953
1189
5311
6520
5723
1524
5076
8340
2986
2197
8879
5132
6007
8051
5071
7422
1711
1902
4727
6599
1355
8436
1841
3862
2148
1412
7022
9237
8251
4630
4018
2025
600
2790
3971
9868
9410
4105
3404
2980
950
4856
2276
7060
3482
6679
8417
9691
1806
7175
3204
8289
4375
813
1975
2419
7253
1244
2883
9107
4087
7001
7095
5467
857
1976
3434
716
4614
648
8812
6501
1887
766
612
2787
5180
3152
6598
7771
7496
7672
6100
9341
4388
3913
1773
3014
8613
670
3394
2560
4439
3876
3260
7466
133
747
634
2571
3920
9006
9820
7989
2902
7534
7702
9580
2066
2225
8402
941
2393
4275
6990
6398
1176
3058
6769
7313
5259
8999
5978
4686
974
872
1137
3735
4290
7932
3704
1943
4478
7600
8009
1635
9404
9285
8502
9195
8909
8349
5281
4235
9573
4913
6852
1333
5271
7247
2251
573
3220
2143
4244
1995
1305
7388
2404
7950
7572
2469
1396
8306
4594
7678
7483
5492
6111
340
8940
1356
8130
1128
9754
763
3527
8379
5586
4780
3427
4422
6557
3517
4027
8438
9157
794
8737
1398
2417
8752
9735
749
1358
1716
4308
8771
66
1544
1112
328
6546
1313
3917
5226
5815
9350
6572
7568
9206
9346
33
3745
4369
5817
1647
9018
8839
9995
2801
2059
1898
5439
5690
4771
9922
9005
5114
9083
6881
8
5360
1719
9275
9852
6563
834
4483
9241
597
2607
8822
3879
5670
7211
440
5338
6629
2942
8450
2283
2713
2240
6119
6765
6828
8614
3789
4664
5600
8128
5558
8327
332
7181
4812
2248
9025
1401
9753
2799
1869
8314
556
7501
1440
9590
9990
4723
1970
6156
2160
4010
4051
8298
9927
7081
3667
663
6577
1916
8807
6370
2230
9284
8048
3006
7077
7389
911
6588
975
5949
247
5408
5312
3544
5676
2034
6877
7132
4926
3102
3417
7926
5922
7255
1048
3172
5955
9461
2981
7351
6366
1826
9485
683
2126
6468
2223
4325
8117
5364
186
1688
7191
7584
5772
8086
4311
5415
7813
5003
9428
6072
142
8799
1988
3696
7679
8795
7414
1106
8789
9603
4023
5129
7650
6411
7822
8846
3586
583
5186
650
288
3076
9522
6491
9757
2716
3450
1527
2134
1894
2564
6807
1528
6063
6874
1563
2819
6544
4671
9664
5610
7929
2
3967
298
3746
1424
8721
9528
5334
1272
1293
1101
3069
3898
6138
7758
5529
1455
3629
1684
598
7761
1512
2637
9646
3017
3931
4428
1525
336
8587
2163
3345
341
2294
9296
1613
5386
9727
3170
8650
8581
4476
2539
7858
6656
7711
7489
8519
3512
5851
3392
5687
6813
5476
2677
7580
2816
1640
6273
3426
3676
2856
2082
1039
9220
8248
4922
7621
7072
2563
914
6907
4460
3243
2526
3240
2189
5939
8061
1584
8761
3858
9311
1001
8067
2665
2322
5409
3353
1838
7721
1724
4446
79
1429
9180
1026
4753
5542
4773
8207
1693
7045
8904
50
3295
1863
5699
9387
1788
18
6307
2808
9788
5336
9723
8963
4742
7712
5984
2842
1507
4129
7610
8396
47
8705
3706
8862
17
2158
7485
1930
8741
3643
208
7323
5927
9869
7085
4172
9299
9712
7164
8122
892
7506
3974
3167
8529
8566
1510
5694
7820
5636
3348
6507
3861
1811
7426
1802
579
1139
4604
2433
8925
1878
2090
4454
5793
5133
1328
46
536
8326
2748
9982
9657
9475
8026
9300
9312
829
7019
1765
8285
3062
4514
9716
8216
5985
7097
4605
4951
2281
8071
8015
2552
5299
5068
3562
9239
1357
1830
1739
261
7997
1196
5972
5051
4956
2683
2061
2953
4068
6384
2007
9202
203
552
1261
5442
1590
5209
7367
8496
4247
4904
9259
9537
3210
5538
120
6711
5381
8435
7953
5519
6192
4980
3581
1567
1203
4728
9319
4637
7115
920
4354
399
126
3680
7089
4509
4745
3252
862
8179
2688
8764
8572
1940
7195
2083
5522
77
7990
7757
1511
6835
3177
5713
5139
1022
3560
4097
239
420
8221
9190
2194
5494
6516
5004
8123
7868
7853
5343
4554
8699
9044
6375
7555
8120
8715
782
559
3030
8057
5059
4451
7397
9443
3104
1200
2342
2051
8222
4793
5144
5172
2461
7034
2741
2968
4296
6699
1370
8819
4016
7587
200
3410
4144
4831
1369
933
6749
4118
2352
4361
8633
1376
6884
3026
4188
2774
6929
3151
2528
7891
4045
7598
2756
9102
7520
3833
8962
5757
2057
9553
5120
3897
5217
4907
5899
591
2587
4125
9952
8386
3847
9223
3478
4749
8280
6284
7732
551
290
1657
9898
4676
2374
8828
8534
4653
4908
8893
932
8225
8924
1656
3924
6519
9568
5890
1692
7878
7713
3886
2848
9366
7824
9708
5672
4611
9136
4893
9687
1768
8817
9614
1312
2896
6452
7850
7325
5778
6434
1453
539
7006
8413
5288
4070
5506
5688
4776
521
2305
6162
2863
107
2003
5848
4277
4039
7273
8783
1803
4733
2617
560
9638
825
6168
346
7743
8718
1012
4146
6229
9739
2075
4909
6084
679
2835
3393
1641
7785
5106
5079
1735
7705
3757
9409
6392
3038
2491
5633
967
3921
5920
7172
616
3533
462
6091
6941
4471
154
9846
3263
8855
1246
1107
7599
5337
1392
1404
2434
1588
257
5412
5285
9827
5391
6680
5177
3801
2053
7135
985
4581
2421
5819
9801
6722
2633
3869
4253
5827
1799
6323
9718
3731
688
415
3140
1660
1262
8601
6542
7939
5497
8155
6943
7703
8996
5660
1229
7442
6783
7215
7171
180
6937
6503
6601
2732
5212
9304
2977
9965
8006
5159
7626
655
7029
1974
9417
3983
9380
2851
3622
7362
673
727
9526
1306
1769
9188
1668
2760
7543
2297
3218
5037
8200
7774
6247
9517
7769
9158
9948
8260
8736
6325
2991
6574
6942
314
6830
3759
5192
8055
1322
6034
1637
3516
3979
3962
503
9908
8077
3647
8575
9741
9419
3638
8808
5947
7212
1019
1449
492
7795
9291
1589
2579
4977
8103
3173
2369
1375
6647
4258
8932
8481
4374
8720
4752
9694
412
8742
9825
1591
7394
7837
6013
2173
2890
8423
5701
425
1870
818
9924
6422
7831
8899
6859
770
1722
1996
7296
6967
984
8414
2408
8652
2092
6661
6633
841
3335
2050
7692
6149
9147
7539
3109
7629
273
6292
7299
9747
199
278
3526
8582
8323
9697
5839
3960
1531
7952
6994
3991
9151
7093
3714
5535
4291
3899
4635
3509
837
8118
1174
4064
1520
4448
349
1295
8337
3689
7640
8261
5420
7946
5588
1152
4912
8881
7745
8798
7468
211
988
3188
3077
9384
5293
5590
4224
1939
5304
2926
9154
2841
2622
6317
6548
8655
2541
7885
5189
5199
6389
6716
9484
8281
2167
7334
6332
6329
7381
9582
9290
4625
9466
2993
7936
9472
3930
2234
53
5117
9308
6997
176
1934
1465
5064
4786
9074
5097
868
4837
1232
337
2253
9860
1860
9156
4298
5869
5357
6996
2565
7260
4832
3047
5509
3639
5278
1029
8694
7186
5524
4266
4136
2445
4887
4175
3839
2601
7131
234
4154
8849
157
3891
9052
195
3445
9844
1923
3207
1422
1279
8188
2690
1221
5974
4324
9430
5625
2490
4556
5272
6547
5896
7349
7760
2583
4636
6926
5695
4840
2310
5993
3278
7991
1283
9035
5099
2141
9776
5316
8744
3791
8297
990
6067
1771
5072
8131
491
3568
4547
1953
6365
6915
242
6944
1
9626
2014
7156
331
9254
520
480
550
9424
3163
7724
3742
8931
7779
6522
6626
9442
8567
8832
8696
150
9587
9501
5516
2477
8042
5761
4892
6809
1273
9556
9266
8671
5599
2550
1536
2179
7357
9036
1549
8681
5836
8400
505
6081
1642
6739
8765
3185
968
4873
3732
7251
2746
7137
3471
7269
4134
9155
4203
8403
4245
3708
6305
4357
5023
3015
8563
8688
628
2592
3530
9719
8666
848
860
8823
5234
131
8268
567
6194
2834
8732
5007
4329
2372
3254
1723
8983
6600
726
5342
8238
6615
2107
8894
7000
1251
406
1808
2641
5179
5087
5637
3651
8483
3391
3354
8022
9652
6627
7259
4035
7963
9722
5187
5073
9934
5230
5655
717
2619
8602
9692
2221
6485
9794
8360
5394
4372
108
802
6030
942
5125
6848
1946
4978
9858
3755
7789
3907
9425
7187
3265
2381
5008
4158
3288
626
6684
9762
9260
2987
8043
537
9945
9506
9114
2689
7319
7004
2572
3259
8760
682
2246
3056
1772
8032
8813
4426
1280
9593
1907
14
3709
8830
9804
7270
496
2080
1891
5399
9874
4781
4355
8292
3286
4804
188
1541
9215
6762
3765
3683
6957
797
9444
4644
2245
3459
6460
8785
6905
9504
4028
1127
877
7925
6285
4971
7287
7521
6387
4400
9183
7838
93
8346
185
5149
6122
6002
3914
3332
155
7069
9363
4467
2934
1334
7754
1886
587
906
1130
6437
488
8445
4567
8269
4469
6502
498
1618
5249
2351
2300
4989
9043
7638
4874
3649
1570
9212
2812
6481
6274
9987
2867
9905
3654
3532
7363
160
6064
7008
1260
1947
1721
2191
4853
8121
3419
7429
6439
8276
1164
1644
7959
4709
3221
178
1797
5049
6406
7966
2487
42
3155
2791
9518
6345
7421
9184
2357
2037
9998
3306
7908
7880
1388
9000
173
8867
9856
2615
669
4493
8466
389
6180
3508
5490
6766
2077
9181
5932
3688
6382
8081
1533
2132
3217
5489
393
3467
5171
7241
3073
6753
1971
1400
5430
5025
638
9984
1997
2844
1837
9429
5767
8583
6125
6575
8919
712
4437
6438
8989
5098
1210
622
9920
4452
6691
6558
2065
8351
7364
1104
1213
350
1558
6278
6708
5832
8410
6037
958
1645
2472
693
5254
6960
870
2695
7014
2476
7114
3997
1743
1351
2256
3213
5070
5846
4859
5807
4816
1145
7709
1397
8884
8111
3973
6470
3987
1752
9608
5029
2241
8571
7628
4561
4017
2966
3623
6286
6225
7979
6866
8017
3550
1714
1222
6540
5028
1352
5987
2651
8801
6669
5161
4917
9791
5344
973
1183
9471
3799
4651
5521
8064
6386
3865
9020
3366
326
1546
4309
1529
852
8429
2448
2779
1836
4782
4920
1111
7028
3099
7067
2840
6025
334
2698
8692
2600
7659
1658
8046
4679
7744
1969
5081
3613
3590
2533
1444
6414
1335
8565
1599
5541
6331
6965
4701
8266
4821
534
2406
1234
1168
4257
1245
2337
2506
1042
9182
5734
4131
9503
2501
9186
5639
4687
117
6801
3774
2557
3003
9309
4986
3611
1389
2068
3133
3142
6402
9839
8818
1021
8559
8132
1114
2298
1360
2813
4438
1801
8412
8452
1701
7846
4551
2137
593
821
6222
6191
3555
6871
8674
566
7864
4394
44
124
6529
1430
8722
4376
2933
7486
5631
9841
6895
3231
8183
6873
5475
9761
7700
3578
5198
7776
9234
16
657
2113
9676
944
9826
8943
7110
5884
742
7951
3384
6014
5684
2852
4927
8203
7675
1950
9630
7214
5605
1697
5280
2878
1009
9233
1081
6217
9321
9780
9622
3468
9315
7890
2860
8244
3301
1084
9866
3850
9045
1056
5720
9115
5552
5752
8642
2927
3726
5202
3227
4601
8167
6477
9733
1965
6731
7308
6227
4996
3424
4936
9224
2712
2954
7931
439
7192
5748
2909
96
5893
4008
3171
2661
9187
9033
7046
2047
7283
9476
3543
3176
9458
1485
3460
3975
6480
3552
3591
1108
500
3860
9798
2807
9124
7411
2210
5749
2833
4851
4988
282
4350
3326
7643
5032
820
1247
4463
672
9807
5916
9263
4206
8003
5268
896
6768
5995
7851
5580
6687
5585
5423
8542
1794
8791
5227
9278
7040
6958
274
7372
7998
8175
6497
2321
8607
82
7044
102
6592
6319
1270
6204
1683
8416
1259
4825
4264
8864
8948
9947
5755
2484
918
2257
6442
237
2623
7814
31
5472
4796
7715
9301
7170
3779
4254
8516
5136
3567
5323
2377
9919
1812
3840
731
183
4548
6166
4617
4353
9822
3520
4225
8856
9008
3655
6455
2458
9272
9865
1577
8114
581
8464
6237
3091
3559
6704
1286
4081
1545
2820
1758
883
6486
3282
7103
4073
2900
4336
1320
8777
9744
5328
458
9431
5052
9353
4269
5473
9262
8479
9111
1233
809
4621
6864
569
5419
20
8440
3010
1159
482
1526
9094
8308
1500
1470
5213
8011
1241
5124
4479
7068
4603
5841
2562
5614
4622
7408
8510
6580
4472
8549
2958
7550
4946
659
3594
9077
4566
3446
2199
441
8291
8641
9238
369
8533
8265
1945
6533
2125
3307
5148
6608
6814
685
484
6932
37
5733
989
4474
5128
5716
9467
3381
7740
1502
6773
1284
7696
607
4999
8345
9130
2876
4983
1737
5315
7937
2266
6761
791
1202
5799
7691
6645
2946
465
2887
4419
7228
9764
7183
6789
8814
6446
4337
6106
1704
7423
1266
6268
8335
4025
6788
1303
3640
8039
1242
5018
6844
7793
9027
5504
8178
3496
3741
4633
6653
325
411
8485
8928
4997
360
149
4212
1384
1942
9047
2486
7631
9859
8432
2938
5868
5852
9894
95
5833
3717
9261
7983
9830
924
5887
2231
4707
5659
4710
4015
2041
2319
4457
8901
684
7541
363
7562
2675
6498
8554
2438
4538
709
4884
8640
5579
6075
8497
9460
3523
5481
5861
6181
6270
8469
2613
3248
6157
5775
7418
4013
714
2974
7139
9648
2473
8475
8917
5074
9588
8935
5131
8404
4310
7402
611
4559
1979
7773
2306
6585
955
9939
1652
2763
1193
5854
8180
7567
3941
835
3953
4485
5624
6972
8060
1002
3212
7487
2016
8969
8144
207
8774
7765
1456
25
5570
1014
5577
8303
1638
3011
2585
8133
7993
5466
7230
5929
104
7476
7094
9040
9371
6549
8568
9674
9055
6272
5798
2309
5390
2743
2099
2749
2728
2426
3624
7508
8486
561
3537
3389
5881
4794
6210
5678
4393
8215
7433
7782
9662
1614
6754
7570
3018
7930
2809
4149
9897
4966
5528
3690
5810
3036
9393
7200
1661
6910
1982
1937
3421
9810
8960
8115
4080
205
7180
6784
1791
8684
8058
9840
3029
3740
3669
6358
6394
6745
1944
7482
4516
5103
8759
8419
7324
2062
5523
6184
101
8378
4473
7911
24
5591
3267
6139
8727
3472
4111
7297
5544
6245
9991
1450
2770
3866
3296
4875
4885
8029
1318
542
4006
8480
1310
3582
3206
4519
3183
8702
1315
9302
7660
3080
1343
8877
8365
7863
347
8622
4850
4570
2093
9133
8968
6858
6670
7087
2030
5664
1793
6433
1888
8344
570
2413
1872
9721
5262
963
1381
5712
3900
5885
7370
366
9293
3338
8487
6216
2888
8434
6350
6042
1625
2920
1304
2567
4461
5964
1169
3692
5977
2759
732
4578
7720
1823
3720
1493
4830
9420
3870
3981
2412
7048
1118
5470
9555
7935
1212
9667
1366
2884
787
5677
4649
2718
8845
4256
1665
8099
7625
1655
6589
2969
3678
8551
704
1827
2488
9414
469
7383
9584
7306
1843
8041
8590
6099
9057
9625
1350
4279
6178
455
4760
6849
5022
8441
2348
6129
5629
377
7762
5205
8535
6535
4297
1643
1972
1040
468
1832
3666
9470
9730
959
5140
2255
2429
3956
9604
9041
6026
2029
9436
9070
380
4141
5359
8850
2263
8382
9930
4921
1255
6854
23
3657
5421
6405
7284
6193
6287
6021
1782
4950
9752
6856
6279
2275
5555
5736
5372
3193
4702
1731
7579
8036
7841
3607
8835
9701
8461
7727
2415
5530
3132
2931
7849
8129
2546
7436
2070
8994
3144
5078
7096
9144
9477
3098
1964
8373
4528
2211
4423
2886
3380
3342
5040
9049
2970
1201
5768
6001
3687
3469
4276
7198
1578
8888
4498
8605
9295
697
5348
9936
1443
7062
3094
8159
9080
5850
8381
6850
1694
595
444
4817
7624
5005
5485
7531
8578
4056
772
3061
811
2371
5811
32
9699
1411
0
8670
2666
1566
3816
4993
121
1110
1175
3197
7639
527
3235
5039
6364
9214
4550
5729
6041
1726
7493
1740
2907
1557
5847
312
287
4152
4164
4048
7177
3830
1291
3681
6215
8612
7035
2978
5743
6251
3158
7971
6815
6077
4029
1297
8768
8012
970
6521
9491
8202
1072
5065
1489
7464
5546
4931
8659
5402
2242
1813
7098
1482
218
7463
4425
2684
7981
1135
4019
8865
8537
9075
5303
6870
9159
827
432
1433
3308
8301
1163
8453
7832
3846
3
5514
6534
3087
4404
7623
359
7613
422
7254
1856
3769
8439
7239
9609
7221
4563
5367
8076
7934
4618
590
8270
9564
4542
8944
9544
3777
756
9415
6652
1067
9011
58
4373
7271
4359
4834
9834
3691
881
9595
9792
7005
1079
1604
7862
6511
969
4641
4151
6343
1054
3795
1690
7657
6742
5831
4525
225
8141
6999
9087
7286
3203
4539
9971
7565
2237
9164
8805
4202
6195
4085
8447
2378
4143
4110
9205
4066
8411
2136
5680
1129
5183
1173
5917
894
9176
2608
3637
9611
3127
9703
83
7772
2364
1220
3492
4005
6212
4881
9294
4911
6831
5152
6051
5867
2872
5642
373
311
9021
2264
4185
386
4783
7704
5515
7823
6188
8838
4689
2063
4232
2451
5909
5392
1100
402
3364
8218
4217
3200
2270
7746
3037
3138
1775
3673
8690
621
8021
1676
3909
2289
9153
5248
3082
2999
8025
6885
957
1290
5417
7190
5115
7133
4289
6256
3546
4743
3040
6443
1341
1442
2397
8638
3299
6543
1883
8543
9082
2198
8679
7763
9596
3877
2847
2252
1984
170
3236
9643
8564
2238
6869
776
1487
5266
4075
5427
849
6933
3327
5986
5574
6618
3034
4179
4392
7917
6092
7756
7844
767
6846
3233
3989
4444
2817
5318
2365
4984
3511
7694
7148
7439
5714
8779
6088
9
6924
3751
7003
8703
7168
2701
5021
1685
7262
3889
810
1732
6660
9623
8499
4655
4541
307
8712
9917
2699
8322
9534
7023
5374
5447
2436
5147
2088
2693
9549
7559
9892
8911
2383
7478
9268
4755
4768
706
63
2606
3344
9893
5296
1277
5009
8138
6568
795
8557
5608
8955
2271
8976
9198
3298
4044
7790
8259
5450
59
3531
3809
6750
2616
6299
4634
7999
4750
2724
4384
9324
8383
2998
7664
6963
4204
8540
6297
7684
5109
3802
1781
2045
1885
1890
4546
1919
9811
7174
181
6052
4899
4427
6301
9166
6824
6938
6763
8871
844
5711
3005
2216
4705
8579
6176
779
5572
9465
2626
4409
3251
8333
2838
2591
3615
9785
5855
3525
9194
9421
9088
5834
8746
3756
6979
7484
2553
7054
9546
4255
5897
7620
9016
8083
1036
7121
6560
9292
323
5090
9010
8256
6508
1254
7144
29
7320
5769
6641
6065
6293
7410
5157
1760
9550
483
6461
4919
2215
1017
5243
681
6539
913
6821
7682
3444
627
8653
2147
6244
4736
9800
2811
8342
4828
3836
5652
2338
8520
8482
6576
3749
8597
9904
5396
4623
6860
428
8272
4283
2536
6980
4161
4170
1817
6472
6620
8172
4524
8008
7856
7309
1474
1523
6395
2193
5150
1884
3086
258
4531
3406
7590
4021
6702
9108
6968
7690
3487
6373
7616
3646
4183
2385
4412
2133
7987
8232
4788
6901
1421
4120
9274
2028
2441
6123
3712
5697
9977
3522
9306
7907
2493
5601
9828
4731
3208
9853
7557
4499
1267
671
1431
1253
7366
370
7512
5953
4391
606
6243
2654
7833
1003
3625
1672
2740
6304
8005
5604
2738
4102
980
9397
7092
8191
3270
5413
5027
5560
4092
3957
194
6644
8476
2656
8825
3454
796
9876
4160
4759
1519
2149
2631
6550
2639
1059
4186
9789
9167
1664
9871
830
1298
5503
4869
5203
6804
7128
2475
9172
3166
6842
2514
2694
544
9755
6611
6344
3773
3054
9578
2784
5539
2965
8170
3174
1462
3818
9613
2326
6131
9396
3161
1540
2524
7537
4746
2096
2140
746
1416
9009
3884
4844
2515
7593
5244
7783
2705
6399
9750
571
2973
6947
8063
5077
9711
1133
2188
7075
9842
1691
814
6151
1024
3268
4748
7548
7305
8634
6
9203
2323
804
3513
5789
7803
8338
3153
4431
8075
1154
4953
2997
7655
7606
6894
6610
277
6306
572
1853
5511
3964
7278
4888
8857
7970
6735
6161
3955
6721
1820
6696
8886
878
3631
4823
9600
2976
4757
3495
5578
7834
6454
2314
8359
6643
9068
4148
5735
8905
757
2554
7739
7379
2702
6970
1046
5937
5414
5866
5643
9903
7272
884
1514
6646
6706
4030
6840
5168
8528
4933
249
8667
718
3119
8793
2073
6189
9557
5925
9940
6117
1326
5449
840
9400
5448
5371
8929
2794
6676
3189
2549
7608
9219
9745
4104
7450
846
6545
3570
3892
1339
7576
9857
6303
737
5741
1674
4673
1149
443
8085
3436
9959
728
3319
5913
2164
3854
9513
5602
2653
7499
601
4121
7719
4181
3538
5988
9120
171
8145
5853
5527
1603
191
9725
7596
5086
5707
8084
8494
4502
2204
7400
2697
1289
2399
8724
6685
2345
3863
9532
1123
125
8643
6923
2509
4365
3939
2440
4014
9540
2659
7644
1922
3409
7984
1383
4445
915
9641
7136
1120
1605
6158
9972
6242
3118
3309
2715
6349
2949
1573
4800
6003
3958
964
8150
4941
2662
7467
4321
5014
6312
2444
4626
3147
6916
4557
3057
1833
7731
6806
1901
2087
1047
6919
724
300
9469
8958
8515
2955
1673
1928
4362
2144
8942
4401
5422
4123
8656
8860
8212
2353
8950
7050
8489
2721
9378
431
876
1959
7816
2205
1810
6367
1556
7142
5876
6891
8079
555
4000
8847
3046
8437
4902
6607
9809
3100
9145
5404
2287
6878
1601
4587
398
7413
4809
245
5119
6582
2843
470
8068
8275
699
8056
9271
2162
1729
6751
9545
9787
2881
901
5204
3767
7780
6086
9530
6800
9879
842
9048
1338
6346
3164
3932
7735
6087
2303
2201
5104
7078
5731
798
5792
9950
8606
2105
9064
4082
9795
5656
4947
3682
2893
3350
1211
8804
4047
8947
3694
7201
7661
8890
2150
8384
401
921
3103
6128
3601
8209
2269
9986
8367
9818
7899
1408
8107
2370
6079
9488
8627
1034
8538
5976
2500
4323
2159
960
9847
5283
8263
7419
9342
9287
9480
8243
5496
6733
8758
391
2232
3490
4487
6028
6569
3329
8426
1140
219
8474
6524
9944
5673
3359
9015
6425
6812
8330
3060
8556
322
8152
6554
223
190
588
7252
3805
9125
1362
4403
9531
9779
3365
5373
5110
3948
7018
9365
3585
6310
5426
9870
353
485
3226
6953
3157
1667
196
7497
8028
6740
3867
8364
8723
2704
8560
1080
227
5219
8134
1611
6728
5002
7881
3834
8341
2584
6776
7184
3864
1188
1777
241
8082
6465
3272
864
6381
5968
3994
9511
2522
4410
9713
3440
206
3738
2527
3605
8211
1629
6886
7446
7084
3399
8310
2279
9031
9672
3619
9878
5207
2286
5967
1606
4
4273
3101
7530
3274
9199
1476
8031
3679
9775
5325
869
4595
253
459
6595
7895
5236
6567
1053
5738
5891
9325
2166
6393
9059
7291
6338
3652
3120
2828
4128
5377
7011
7651
6662
2580
3852
3705
6586
8509
7561
8973
6124
4139
3812
8154
4076
7811
2594
1158
7591
6363
8868
5725
9558
1325
8773
6311
2416
2915
2115
6000
3982
271
7671
36
2806
702
4923
3162
758
6613
4248
3013
858
2944
7784
9445
2175
5294
983
991
3596
9994
7382
1957
1706
9681
4692
379
719
6668
8198
3438
9799
1336
2414
4377
4119
2628
4385
4157
2079
8072
1425
7316
9337
1580
7494
3569
8000
6928
5564
3945
5240
2006
2200
6126
1166
3978
1199
8811
9441
9579
3664
1987
1061
2127
5935
2519
1073
8926
8135
429
1085
6235
4876
8283
2244
9751
5012
8148
4708
6597
2556
5979
1738
5518
7503
1069
1170
122
1822
5134
9621
1767
7488
5992
3195
7425
3052
4135
4387
3716
8477
4447
80
233
3129
7585
7825
2542
5016
3760
2118
5308
9615
8156
4316
9985
9092
1195
6509
1569
9495
90
3778
5950
1708
6348
2642
7109
11
450
8923
6136
4994
9748
5788
8522
9942
4883
2904
6974
9653
3620
7338
3458
3633
7129
2943
8714
5060
88
577
2510
8468
4317
5510
8320
3952
4464
7120
695
4458
4501
1954
9160
5703
5944
8047
7042
7564
7736
7573
3710
252
760
5063
3328
1399
5446
9140
2989
2239
3961
1778
9117
8660
3128
7344
5042
5251
1795
9462
1098
8664
2008
5958
2517
7220
6950
7653
9221
5451
1165
1038
1418
5263
7845
6631
112
5525
7449
4657
7893
5479
9658
2785
7594
5686
943
1136
5565
8834
9336
7415
9637
8738
3363
3829
995
3803
6152
1983
4526
4180
1981
8392
3135
8691
4580
8609
463
8945
1292
7205
9483
815
2183
1204
5066
55
3276
352
1147
5053
1041
1727
348
5898
6743
514
6689
1900
8717
9174
8637
452
3944
1999
8896
948
4307
4616
1703
1770
502
6282
2742
4216
2964
4001
1779
3563
2640
4778
7801
7977
981
6822
1543
8470
4116
7707
6097
2941
2726
7141
919
4207
3584
2676
3828
5902
355
9403
5484
8547
7958
3095
9170
56
2717
8743
6250
5594
5682
512
5182
1371
1763
1551
8677
7457
6417
5030
3798
7165
1921
1889
2355
5597
151
3016
3662
376
8625
9661
2577
637
8539
2645
2098
9329
1967
1932
7605
9647
930
1933
2657
1185
3548
235
5959
9335
7828
4413
708
547
6294
5520
7385
2573
6148
5233
3001
2249
9150
54
1696
5820
260
9560
8604
9873
8018
2778
9702
935
410
7649
9450
3494
3159
1016
8053
3933
129
3055
3110
8124
3824
9863
6450
9227
494
4744
939
6354
3439
9782
3890
8748
8553
2301
4901
6464
4726
9547
397
8916
4762
28
6514
9505
3911
8697
41
5015
729
2227
777
8034
9229
2026
8982
7551
1263
9696
6573
6730
137
3686
6429
6199
5232
3734
4442
9956
6059
2874
6934
4647
2520
9864
5904
1497
6218
2681
5416
8645
8140
3223
5779
4916
8023
2332
6785
5849
1594
6612
3822
7391
8837
5284
345
3699
4974
937
4568
3199
7276
6449
5934
5892
928
1821
6726
8257
3977
9146
6903
2959
5796
7618
6315
3123
5837
847
6693
1993
5787
6587
5298
5641
4985
7641
9351
1607
624
5531
264
9217
4798
7944
5286
166
6688
2889
8408
3835
2081
3810
1789
1506
9163
1926
7767
1753
641
3787
3442
8208
9539
6202
8946
5116
9447
8329
2960
5225
2274
3576
4215
9850
7528
2503
4765
5921
7698
449
7416
3693
9426
5221
9962
8049
1138
8213
9538
438
84
7986
4572
7766
4315
5229
4677
9236
4407
2482
8240
2897
3304
6756
9966
956
8224
7635
9975
6746
4848
8388
9103
8800
9688
780
2367
6630
1909
8704
7544
7465
8669
1265
7517
2376
1102
893
5649
2178
3378
5341
6132
9398
7105
6167
7609
3610
5436
9969
113
3713
1374
3844
6403
3105
711
4668
7290
9243
9065
4497
2217
4351
4564
1363
9594
265
7409
2347
1299
2293
3737
1184
2206
7973
9189
8824
9645
2854
9416
7404
4592
6090
2858
5770
3951
9394
6827
5196
3485
9257
2327
4970
9900
7835
8875
6082
890
2714
8873
9925
8506
1734
4503
3280
8922
4465
9838
3452
9502
800
3216
1825
9489
2296
9252
1873
8574
9463
9382
1406
4508
4847
1561
2810
4414
9912
8307
244
5043
4527
1484
786
6175
6512
3786
115
6309
1172
1839
753
3053
9649
5495
6667
6415
165
2262
5347
7454
5041
1187
4450
4638
4944
4462
3325
2921
4178
7909
720
7920
2358
546
7234
296
2875
1785
1910
1116
6017
999
6820
8094
5863
7226
6865
4334
4453
936
7699
5835
4715
8733
680
9053
4060
3027
2382
6966
5276
1859
3600
3457
3106
7533
9529
9171
4600
8693
3815
4318
7007
6513
5483
9004
3700
6682
1018
3465
1387
5571
3976
1746
1892
7491
1521
9978
3536
6890
1634
2836
7726
7904
7027
1256
8725
9932
8166
9746
215
1621
8206
2709
2032
1555
8984
1790
1966
8762
3297
4130
6700
5201
2664
8711
5864
5317
2460
5122
62
4284
6744
7371
2356
2228
6748
5704
1141
6240
4205
845
9073
9191
4101
9173
7157
5982
4937
442
4895
543
9805
7889
8357
5214
5351
9023
5491
308
1180
5331
5461
2735
8527
859
3008
635
2538
3918
4975
4961
5650
9913
2072
1249
9862
744
620
6061
8279
6078
3807
9030
6695
3565
7752
1682
6388
5685
1857
9678
7673
8395
9671
8719
7547
7390
2771
5082
7224
471
3841
768
9921
871
8425
1109
8599
1065
8300
2979
9684
3456
2537
4208
8433
3993
9276
4386
8626
9098
7377
3781
68
9129
5429
6174
5181
7827
8930
9334
7086
6475
6219
9211
1565
7842
7140
7160
6133
1598
5231
1276
2282
4193
2678
9855
5871
6649
7304
9581
6262
6108
6591
5170
3558
9640
8726
5936
73
5582
2111
192
4602
2153
3447
2496
1895
6032
254
6838
5401
1807
4331
7453
39
1627
1592
4171
6510
1903
3636
4379
9797
8182
1471
5626
7738
4737
9524
8682
1877
8997
5865
1689
5784
7965
5924
8074
119
3797
2492
9536
3535
9175
8966
7279
5668
5954
2895
7322
9381
1850
152
2174
7905
721
9519
9386
8647
493
3528
1756
7894
7265
1447
762
5431
9848
3595
4328
7589
7285
9933
2157
1879
3257
2850
424
3739
5742
6642
2948
1908
7368
1144
696
3476
4712
4801
2443
6435
3718
1475
2432
3775
6479
464
3589
9328
5766
5498
7492
2067
3926
7586
2043
5753
2260
3305
9926
8201
5553
2130
8511
8038
6623
6817
316
9740
1636
6049
7346
2442
2290
9884
5994
7235
3194
2516
4495
9824
7261
3337
3074
6862
445
4214
3117
3111
5556
6666
7025
9019
5173
3412
2220
6008
1831
6863
213
1677
1086
9551
8708
7714
6239
7536
4585
4688
1364
5517
5774
5411
7169
8293
2777
3604
1207
86
3386
3205
7167
589
4838
8427
4724
3674
9490
67
4620
9373
2015
2764
5860
8921
6121
8784
6213
6440
3479
5361
7302
5646
3670
7693
2914
3022
934
548
4267
6236
2731
3772
6889
2317
8158
5780
3497
4299
4754
6130
5433
6720
2368
8662
9051
3660
5606
8695
1097
3499
3894
9624
9569
5873
2751
8108
8380
7879
1385
9213
1956
6983
4166
6295
7957
3728
7173
7074
3573
9631
1066
4488
7434
523
9731
9918
9525
6851
6419
7708
4877
201
6952
1705
8366
1796
9999
6036
2311
162
250
6220
4770
7267
1805
4221
5726
8350
5532
7152
1761
489
3671
5300
1153
4948
1530
6603
4371
8097
4360
3347
9675
9964
6757
6062
8866
6772
5526
8343
6070
8803
9907
8949
5870
632
3697
3112
9178
1329
8745
7569
8848
2543
2103
6917
1595
2682
7529
8348
6578
8512
889
5830
895
9377
6791
6420
4226
57
7808
7686
2024
6841
3784
5777
317
2017
644
1023
3214
3925
123
2161
2418
2453
7076
5730
9673
3405
4802
8986
4201
7554
8700
5938
6648
2454
7792
3817
6094
5320
5634
1340
321
9617
5378
692
4421
2233
8193
3481
6638
723
9659
6637
6177
822
6418
8493
2329
6302
1216
2052
2936
9201
5806
8157
3160
477
6909
9915
1840
1509
9258
8454
5301
2128
1275
8952
8829
9374
8151
161
774
7495
651
127
3209
2229
5933
7852
6380
2056
6651
3303
2224
5332
1119
1239
6031
710
5001
5488
8780
2686
2772
9771
4543
4764
2171
8066
4932
9533
5790
5705
978
6718
2649
5776
3377
5963
5724
6327
7818
4054
7630
7240
224
7797
8920
7933
3024
8080
3577
2975
4091
1750
2568
9307
3851
9541
7053
4396
2354
602
4230
4405
6334
998
7916
1978
7057
5502
3356
5989
700
305
394
5622
4346
6171
824
6118
8317
2789
3433
5469
3881
6732
9427
6989
3985
7147
5289
9473
9784
3182
8204
3521
5754
2523
1124
1083
4958
6564
3506
1379
4466
4582
4243
8544
4194
9423
22
6921
7855
9957
9013
3825
9086
3430
3653
3635
8615
8584
5653
1161
7250
5031
3313
8786
8458
356
2830
6701
6356
3448
2250
6590
3425
5814
12
1347
2618
1867
8424
1499
3752
4532
6351
7514
4935
6432
831
8521
5758
1483
1354
8245
7354
4470
9954
9112
5587
1646
8304
6038
1126
3564
3190
2916
7992
5482
4606
1300
6729
76
9861
1749
2612
5370
2761
4716
8957
1868
351
1501
9079
9162
1071
9760
1876
1553
7317
2906
6252
8980
9338
4827
2575
5428
2462
4573
1473
7083
4882
1423
4389
6173
6048
7
1301
3148
4515
175
9832
7658
5722
8217
7387
5583
8177
9388
9514
3776
519
6948
3986
6206
4713
2734
1733
6383
3549
4684
1809
2360
8173
971
6981
9029
9226
2446
6043
7840
6012
961
177
7681
9803
7943
7356
912
9914
2610
690
5996
384
3000
7632
6291
7403
2459
1013
8648
8619
5441
6444
9618
3411
4480
6654
1452
9038
4729
5826
1730
2380
2935
4055
4807
1464
7588
8504
879
9968
1342
9067
6767
8001
7162
7964
7427
8730
3075
6280
2582
8939
8869
6221
7516
9512
4199
2821
4349
2609
2405
6045
2401
7441
4124
6033
3083
7540
6703
9973
5533
6085
854
7393
8234
2910
437
5545
9249
6107
4740
5363
8491
4833
6755
6050
147
4866
6904
9242
6880
1852
5282
9339
9063
5965
4313
6474
1583
501
6946
5654
5595
2691
9680
9455
5910
1862
8229
240
2636
9169
4046
5438
4434
6407
8088
6605
4704
4002
8420
407
7915
1718
504
4348
4036
1010
8092
6988
6659
7350
1045
8775
2802
9552
1407
9492
9946
367
3244
7633
339
71
1321
5683
8052
6164
230
52
6430
7091
6101
8965
64
5998
740
2669
1373
8278
4189
8654
9056
660
3553
9902
3012
516
413
1225
8302
801
134
7268
8577
4229
9014
558
3592
153
2497
4897
2703
1845
3821
2766
7437
3711
7859
2169
1268
4209
6337
8552
6203
4968
7676
5894
40
689
8668
4459
497
6104
9247
7985
6705
3489
8239
8937
6209
8242
4981
9478
5740
6463
4302
8580
9849
887
3503
5543
3324
6046
4841
7923
2455
5241
1264
338
3414
1075
4819
3885
3256
5350
8766
6478
8731
1372
9813
4669
1307
7876
4569
8073
364
8187
7523
6496
3557
8372
5623
2390
9605
3843
5010
907
7021
3063
4099
187
7685
7231
5200
4787
5424
3114
4992
3887
7680
2643
1564
4058
5781
4575
7509
3616
8861
3019
6780
7954
481
3249
2873
4711
8936
5356
7786
4714
6253
8181
6190
2797
4928
8740
2335
5362
630
9474
8020
1783
4383
1602
2040
291
3033
5297
765
8802
6819
2203
4090
7683
2172
7101
7602
8136
248
5540
7119
9370
8548
4155
1235
6995
1478
5838
3896
8603
3969
1446
9487
7688
6760
1675
4397
284
5175
9704
8851
7130
1659
8546
5352
2692
1391
7055
4150
3727
6372
9439
8541
8002
6445
2901
7369
1496
9131
1612
5906
5141
6362
1088
4435
5547
5669
2745
216
1582
9766
6954
9629
2574
1011
7065
5252
1435
3187
4261
2184
2299
6690
3113
6357
5026
4268
1505
6159
417
8816
7896
3940
5907
4370
7710
9405
1190
5681
4280
1710
4227
8767
7469
7339
1192
9433
678
7751
9037
9737
8457
6326
7918
1633
4693
4108
5407
926
3130
5
4098
9835
457
5260
3612
7153
7897
6752
2192
2449
269
7770
3050
7111
5246
281
6975
4078
8397
7360
3927
594
3266
7805
34
3980
1865
2614
5247
2339
4646
2825
6283
2101
4898
3291
8462
6080
2102
8979
7281
5044
9665
9250
8663
8998
1057
6058
4969
1896
7718
4282
8934
9951
4772
5057
3441
7753
7430
9168
8971
6855
1078
4052
4852
1238
7575
8889
2268
5471
1720
7870
1217
3823
4979
3780
5142
7444
2597
6931
2292
1155
5143
3360
7607
9729
5782
3996
3192
5620
4555
9090
8545
2069
5395
3156
8161
4700
4094
461
8104
7826
6246
4109
2627
8459
7648
1231
2359
7645
9256
6073
4067
4857
2652
687
6787
6962
94
9110
8070
7800
6018
5739
6987
3859
7574
951
1051
7552
615
3368
6664
7355
4271
2939
5038
5223
8854
6322
7663
3032
7123
676
7295
135
3919
7318
158
7333
8561
722
7882
5108
5500
636
4610
5889
5313
8353
5384
642
2122
7887
7052
2439
91
5435
4967
7524
8374
4597
6518
8460
2877
5339
9218
8913
9599
6876
1121
8505
9769
1488
2951
65
5942
6471
617
9889
4222
5127
4327
9559
9632
2012
8418
2131
1686
2027
8331
698
545
6553
9642
5879
4862
5058
6264
7386
6313
2985
5828
979
4173
3049
1619
8030
4145
905
8852
1160
6308
8592
6678
2481
8444
2982
5911
3269
8941
8284
2795
9963
5824
4512
7412
3311
9244
7353
5505
8004
863
204
1125
2479
5335
3090
2589
7329
9698
4607
7847
6076
9192
1491
8970
92
5440
7830
9777
276
4824
8019
5258
4598
7275
1441
3383
3044
658
2022
1935
436
3806
5715
7378
3407
3081
110
9389
8914
7185
7266
4262
454
1516
1252
2094
5383
5216
8431
5822
1854
5727
2116
27
279
3603
1600
4680
8354
1368
6290
7595
8465
9814
5385
8016
2638
357
9821
2679
1663
5679
2917
3398
9561
4544
2765
9267
2470
70
9668
6141
5919
8755
474
7571
3793
6922
652
5802
4577
1055
4560
9200
4007
5843
1572
143
4945
7099
6170
9616
9910
2308
6359
8290
4303
619
5615
1281
2456
947
7717
5406
2512
1848
903
3287
5193
4915
8974
8377
4599
9628
6673
3293
3025
3505
6039
9314
7030
3510
2700
5665
789
8324
5691
2218
7236
5024
9109
9326
8608
9773
646
9391
5914
3743
4492
5627
4718
8885
9690
5365
9359
87
4122
3724
8908
7995
4747
3904
5118
6238
7975
851
5167
9435
2924
694
7063
667
3788
9543
8993
5559
3934
5253
1834
2730
7815
1609
3028
5926
3375
263
3181
226
4952
1787
3141
7560
7380
5821
6892
2755
2435
4930
8918
3630
2420
1226
5948
5046
6233
4843
3572
7088
6300
3224
3396
3023
9357
6853
5550
3165
4756
2123
9527
4083
4972
7348
734
1062
7002
9592
2518
6234
9039
7722
4513
1927
7122
8305
1874
3065
139
653
9142
2962
6584
8961
3785
4356
3621
1597
2139
4156
5174
6908
2800
4505
1461
309
9096
6163
816
5169
9980
661
4545
8369
5862
6986
9322
6469
3423
7332
5273
2576
8421
1931
9597
2918
5257
7330
9562
2146
7448
4286
6249
1816
5437
2341
138
7500
3627
4382
2044
803
9119
7545
4432
2581
6200
8095
435
7196
1327
141
7919
8106
9179
2530
5113
1490
8927
6805
2630
5804
7102
4263
4565
7794
2912
856
6424
3462
9486
2882
4591
4589
473
7301
6758
1278
2363
7843
1917
5250
8098
4865
9577
4661
4998
3341
3750
5397
7280
7277
1742
4491
8390
8230
972
9058
9208
1178
2892
7399
418
4973
3007
2646
3035
8100
9360
4062
4889
586
7155
9765
9279
132
280
2091
1403
7176
7927
2753
9778
5762
1380
9209
2826
3149
3868
6596
7670
6798
1477
1287
1006
2670
6887
3990
1513
9204
1082
9756
3247
3369
3371
1068
2437
8954
4529
6621
3893
2913
5366
8137
4368
7969
2534
917
3143
3415
4133
1949
3965
8220
7874
4663
4738
618
6421
9303
1560
106
927
7138
582
272
6409
6147
2463
4818
1963
1559
9246
4836
6266
8358
1451
7578
2545
5321
7729
865
3702
4411
8169
9886
6883
8632
7809
4650
2261
6504
9500
1437
111
7443
4810
310
9651
9709
3042
9135
7031
5635
320
6257
7359
3198
81
1004
5693
5513
4849
1920
7154
578
6114
8498
6109
8277
3340
5455
754
4792
9132
9012
5089
4417
6355
6401
6790
891
5609
8646
3606
5747
4779
1650
2187
2243
6056
5773
9494
9572
4147
4797
3316
4613
522
4418
8267
9407
8550
4507
3656
6487
1960
6436
8484
189
5905
1063
977
2407
8258
3107
1617
9288
4583
769
2265
5277
1043
7860
965
2259
2729
1574
228
5786
8368
1851
5689
7424
4959
421
8629
6385
4725
1503
631
4860
7345
1800
1092
7637
8235
8953
4805
3878
9340
2019
4894
3096
5943
7294
5800
4429
6259
9961
7982
9781
6211
1542
5960
4339
1050
7347
819
2318
5886
1093
9139
1936
7117
781
5269
6725
6182
9970
9007
3475
5358
1377
5997
7432
6197
7178
902
7737
7518
294
2598
202
507
4192
3219
7341
6006
9161
5111
7159
6187
9598
6228
2531
7748
1413
9253
7522
7583
5314
4905
3583
5162
5218
3474
1365
5112
1099
6361
2668
9683
7112
5463
4698
3764
9983
9071
6185
5912
7615
4549
5961
8363
2586
7810
5326
1905
2121
1958
2058
7677
5970
4200
4153
6930
3938
7662
5537
5194
2555
3437
3323
6154
8874
6624
1918
6144
2267
8442
9364
9715
5151
6671
1419
725
9521
8254
3995
5267
327
3429
8165
7768
9100
6320
533
1162
8352
2389
6959
703
6142
4096
295
6316
4640
9728
2930
1044
1030
2325
5536
4198
3048
2658
2769
4077
3541
3431
9392
9885
2330
6024
3966
3002
1762
1215
2814
6811
2775
7563
7182
7504
8093
361
2291
2499
4615
7912
4929
9251
9231
1552
6426
5803
2313
1829
404
8787
4093
156
3880
4960
3819
5999
9607
8975
784
3289
6977
5818
1324
5215
3659
6914
8194
745
43
5647
409
5645
8078
8227
2578
1547
1725
3072
214
8110
8501
3747
4079
7697
4449
1875
8844
4903
9376
987
1091
7203
3937
8753
3294
7723
1911
1518
7258
2737
5616
908
9456
7875
1197
2929
5145
7208
761
8757
3936
929
5630
5130
4943
8524
9343
2011
9383
8089
7480
1631
3330
3339
3695
9689
2302
1548
6484
8446
4785
4288
1620
540
6459
3116
5302
1814
9935
2551
2984
246
9222
8685
4059
2387
3632
9976
7778
5165
3837
7146
6810
3808
2744
2611
5573
7145
8892
531
2394
4826
4196
1060
6526
5346
5290
315
817
6927
7134
4211
5228
7747
535
8176
9395
1426
2673
565
5445
5581
7614
8897
8790
8405
8153
8449
8558
2994
3222
3374
3831
3370
4270
7047
6134
1179
8091
9349
4791
2465
9354
6368
5744
8809
4590
9955
4433
5941
4722
3845
3915
7535
2805
2375
3922
9882
2857
8044
1766
8593
1495
8797
3855
4694
3796
289
1382
313
9128
7398
1070
9786
5160
8739
9320
7222
2911
5287
2316
3071
6823
5454
9686
1005
6208
1864
7310
7836
2990
3758
1562
9677
3139
3849
7218
2521
7798
1331
6298
3401
8069
378
1871
2859
7706
6816
7941
828
2898
8033
72
1359
8770
3250
9305
6105
4366
2384
3910
3279
529
286
2672
5368
665
2593
3928
3318
2621
7352
97
7337
8463
8573
6467
8143
9931
4484
6035
8288
7604
2624
4163
7734
8831
3599
8325
3084
479
1142
8024
8409
2450
5197
739
4159
3628
576
6552
5903
1353
7373
145
7869
3493
1469
7289
7914
7669
940
6826
4735
7024
513
2031
6717
8673
3707
387
7158
3626
7263
4806
1581
2170
9707
1032
4691
6016
4918
4322
4252
8938
8356
6984
8514
4330
5674
843
7947
1961
6940
6583
2961
4717
4089
1481
8621
4523
6657
8274
9072
3571
5900
4169
3968
3597
564
8686
1968
8754
9567
5589
530
1250
3929
2409
1649
8988
3574
3721
140
159
2919
5592
1849
2280
4031
1792
362
7090
1632
3070
6797
1094
8853
1639
8312
993
6127
6352
7451
925
2750
3701
2284
5710
2983
1089
8271
7938
1798
4420
2853
9123
4861
8658
2100
447
812
2832
105
4609
2899
6336
4775
6628
5380
1925
4272
5856
3500
3491
1780
8778
4631
8311
888
3593
7340
8859
4940
374
8620
1681
6341
1402
2831
5305
9829
3245
3916
7061
3754
666
184
5638
5163
7654
3453
9448
466
5702
7207
8361
8630
7384
5155
7151
6150
3645
8233
8385
383
6531
2273
4033
7401
1980
6632
1709
4436
2295
3137
8709
8842
2776
3451
6053
5795
4249
8756
2272
423
8713
3009
2411
5708
9634
283
116
7326
2307
5657
6277
6571
1847
6843
7553
4278
8332
7807
4991
6223
2427
897
1146
2868
6594
2042
5206
9289
9979
5388
7166
7288
6635
5874
4896
6391
3790
9845
2425
1182
8149
4795
910
8600
4050
2803
5567
163
524
5457
541
6482
613
604
5563
2525
9655
6634
5981
1224
909
1105
5877
7866
6920
4845
6226
3416
6556
256
7884
7956
2922
5667
197
4914
6515
5957
5245
8876
1198
3191
243
6120
3848
2727
297
6727
3154
3935
6377
1122
354
8013
3372
6561
8199
1049
7689
7764
6737
3832
3634
5319
773
8398
5969
9515
1938
8880
3211
6897
5153
4739
735
5990
5945
8287
7082
3021
5017
476
3333
614
7922
4769
2544
9210
3768
8035
1608
2331
2513
5400
4251
8687
5265
1296
9331
5973
299
5425
5291
3043
7361
4455
6115
2827
8262
6096
285
8010
3501
5274
1323
2972
7741
5034
7343
5962
1630
7070
3315
3814
9022
7848
4241
3811
6165
9793
7687
4784
6775
3715
3020
6686
6143
9316
8635
1345
9277
3668
7750
343
2464
6248
2181
4534
8820
7972
9890
1941
6951
6112
7819
5507
1008
451
1508
5785
6453
8415
4867
6022
5075
1654
3470
9881
4872
6441
9817
5465
7510
9185
9105
1432
4184
5410
2196
8956
6525
4034
5270
6314
6961
9493
4854
7839
388
3684
4406
8827
5551
9283
6318
9743
4639
3145
7452
7634
1236
198
4468
3379
6396
4443
6269
994
3675
7872
3150
6488
318
1596
7749
5966
6186
6369
7213
9867
2864
2430
1131
4964
8902
236
2084
8014
9938
5443
8586
3228
4213
7331
1754
306
1866
4482
3230
7642
4220
3820
6532
2932
7759
1587
9116
7460
4378
5603
7498
5930
5946
1346
2124
8295
4938
5096
8334
2403
9418
1568
1755
8247
5566
736
2168
4167
6973
3908
3504
7127
9361
2773
4627
182
1991
7577
1757
1156
6719
1393
7511
6527
1538
605
9228
5279
7312
13
4319
1897
6899
5330
7505
6271
7674
7328
7546
1309
419
6833
8776
9734
7821
2767
599
7886
9566
4652
1274
5737
5607
5648
8142
8735
2480
8883
4766
1915
6155
1132
3388
6214
9808
7592
4236
7321
7806
9482
7219
7431
1248
3534
9660
6110
2001
9032
4612
5083
3064
4674
69
1390
5047
4813
2258
5387
385
4260
1498
3725
1759
6457
6978
2818
9028
6340
3461
3730
1819
7777
4846
4500
8113
6692
9245
9819
2605
3733
6321
5054
114
2186
8749
416
2277
3385
8792
6672
1904
8576
4306
9347
3519
4982
8371
2386
7900
9989
495
2064
7440
9358
8163
6795
5069
9232
9654
4424
6458
8562
9693
6759
4576
2402
3587
4954
7150
7582
6985
5474
9949
4540
4696
8595
3722
453
4265
8401
7227
6232
7515
7124
5011
785
6537
8007
3290
427
992
5508
4024
6675
1804
629
900
1532
3729
7619
833
5123
4658
301
8196
5611
3126
5840
5598
8683
5499
9143
4026
4520
9589
4511
9464
390
4552
4537
3947
1445
608
5692
8294
2957
4489
3763
1651
7456
3912
1515
6423
9510
8223
9923
8806
7988
1747
6044
1414
9459
9149
5956
4115
8027
2135
1269
3343
9851
1113
1628
750
7892
7968
8422
2010
6089
2595
2004
3041
5459
5235
6793
6741
9457
886
5812
6991
4678
4486
9479
4681
1027
9152
623
5534
3215
3355
6658
3853
6832
5178
6207
8059
2804
9060
2423
4645
7049
4347
118
7396
3842
6882
169
9003
1007
4976
6681
222
8951
6998
174
6462
232
270
2108
3827
3362
8184
3237
2861
2559
4132
6267
5829
686
6483
6781
5156
5823
7980
8375
885
1534
2823
6570
9644
2680
4408
7113
9401
4332
3665
7126
4415
1240
898
7163
3950
5709
5951
2788
7949
4682
4190
2905
4061
7940
899
4942
8210
8472
1223
6709
9367
9656
9332
8394
1623
8992
1952
9802
9996
3719
5765
35
2570
1096
4041
592
8990
8729
60
3970
2129
1227
7857
3554
6198
7542
6911
4065
8651
6906
4820
3999
430
8109
9720
6875
2635
1288
4240
6861
3428
1480
1134
755
2165
2424
4588
2156
2603
1712
633
3902
2177
3239
9685
9042
662
730
1467
3097
1669
3614
2343
8508
4995
5719
3317
4456
2207
6342
4219
7244
8096
5621
8624
5306
3352
3648
4574
98
8672
4165
1058
5102
9452
8428
8321
6040
1015
478
1348
7104
6047
9017
9318
8190
2952
3856
6619
610
2829
2632
8347
1271
3422
5794
49
9481
1439
1624
4223
8370
5751
1257
5013
7507
6771
3390
21
2706
4666
8661
8698
6982
9896
5382
6606
8841
5764
922
5310
4642
3483
6581
8631
7967
5613
6493
9446
7009
1666
8903
4314
8882
7032
6818
5256
9440
7526
7246
8336
2395
4305
5760
3115
8387
3618
3888
7376
5763
6912
5264
2013
3672
806
7438
2036
916
5940
7490
4320
5756
2039
3186
2671
1115
8910
1951
2535
751
6098
1554
9122
4751
8594
664
3998
302
403
1899
8810
2655
1171
9875
2119
2350
6614
7733
9535
4571
9911
3677
874
45
8891
2349
4533
8112
962
5783
4643
6770
6015
7611
4042
7945
2498
9542
7788
945
9499
3255
2478
3382
7781
8126
4195
2736
9943
2532
6451
3089
8772
3794
9297
7873
4910
212
1367
8160
2055
7462
4536
4879
5618
2035
7232
8781
7656
8399
2940
460
7245
6993
526
5135
949
8591
9468
2212
4822
293
3202
1361
490
3234
130
4053
826
9783
6734
3242
4340
7666
4659
5462
9061
4699
6179
6397
2796
1861
6011
1468
8536
8978
9317
2304
2733
3658
3804
9422
3813
3566
1815
2410
8127
9768
6683
8309
8977
3302
6376
850
6971
5746
8833
609
4868
7365
9831
5666
9093
6335
4906
303
2988
9591
1077
8525
7392
1103
4957
3972
6029
255
6258
2992
6060
7327
2865
6153
1962
7375
2569
6868
4720
5084
2648
7447
6593
4608
9089
4842
946
9333
7470
6665
1033
1924
5107
275
9101
7787
6499
8907
7012
8872
2208
8090
1037
5309
2114
1736
9639
6201
5931
1436
9390
4685
2155
9062
4003
4934
9705
7502
3432
4344
3358
7532
1929
7601
8617
5137
2822
3321
8264
7527
9679
8492
3168
5859
1463
8676
6992
1539
6523
6663
4835
1575
7303
1167
5771
7742
1586
6778
562
8900
220
4683
7668
4955
7901
4416
9695
3346
9953
4338
8836
8570
4037
4281
9619
2629
2971
7209
5239
7962
8769
8205
1593
3262
5375
7804
2038
5101
6431
381
4326
9310
4774
7238
487
8273
6738
2768
7358
1386
6622
2711
1035
7513
9438
6786
3883
836
3988
5918
4292
1985
4333
2467
3300
3402
2110
4721
7420
9196
6799
5191
2505
5661
5875
2620
6697
8616
4697
4343
9248
4043
8518
5759
5100
7248
1177
7994
9298
9453
1311
6390
4210
6803
8915
2558
1622
1576
9406
2947
4517
1835
1695
7307
6712
6867
7257
743
6707
4886
3093
9958
5444
344
9024
3051
3959
5434
8912
1662
2324
9165
2226
1052
9758
7455
7647
7636
790
6655
209
5091
6969
9352
5732
752
1025
2903
61
3196
6677
8054
2845
7216
7924
193
4218
2379
861
9887
217
568
7538
5045
4168
7116
7796
8751
7206
3403
2236
4233
4113
3336
5718
8763
8315
8448
1031
4069
7125
2452
3292
8898
2855
4239
8451
148
4811
6276
2320
1330
2085
9286
475
9434
8678
5549
9823
3241
9575
5975
2707
7016
4301
6792
9207
7667
7051
7566
8185
5376
9509
2504
7646
532
7961
9270
6736
2752
8162
6074
5878
707
1626
2725
5548
4596
5928
2391
1349
2792
1117
5745
6231
2880
1913
8455
4142
1992
625
4137
6566
6839
7525
8649
8186
7020
3642
5617
5452
9091
4084
8788
783
6054
996
3253
2120
26
5369
3895
771
6847
6825
1282
2885
7799
2596
4562
4112
6698
8478
2870
4242
2950
1076
89
9602
715
2005
1157
9050
643
9601
9941
266
6275
2708
2547
5036
8526
3598
3124
4660
1428
2837
585
3783
1522
1218
4558
9496
5020
4032
9565
4962
5453
5809
2494
982
6374
2995
6263
7149
4100
9385
5093
6428
4138
2891
5222
2468
4632
5805
4829
5085
1715
5188
2095
3232
486
6116
4654
8246
9177
7204
9726
5158
7996
7026
2009
9399
7877
7041
1438
2508
9046
3663
267
3748
8255
9348
5895
4312
9148
9408
873
9379
8657
7921
3661
4358
793
6774
1492
2185
2209
808
7617
1378
838
8895
5971
8728
2176
7974
1828
6412
4521
9700
9610
805
5322
6893
5006
1090
3464
6324
6715
880
6579
2328
5797
8040
3039
8933
7558
7556
3136
268
9772
3059
2495
4038
7056
1000
4963
1912
5901
603
8189
5980
6898
4095
1989
4237
4530
5813
9264
6260
3617
9736
2466
8050
9833
6713
799
8393
1460
9002
9402
5405
5355
9836
251
6296
4231
9877
4287
4363
4011
1700
8734
4117
2540
8430
172
9001
6617
563
584
1486
9872
3556
5062
3271
1457
9449
9901
3903
3175
1206
262
259
5353
3923
9216
6261
3277
3561
5717
7652
5329
3184
2138
3285
78
6241
8125
6896
8569
8840
4535
3641
580
4342
7015
2602
3180
3284
9095
6913
9106
1150
7865
335
6005
518
1855
1842
9636
6339
508
2781
3400
677
7791
2471
5035
2278
8987
6473
6935
4506
6353
5464
2285
2398
3092
6447
3540
807
9576
2710
4176
6093
368
7581
5080
8503
7428
3466
8101
2739
639
7118
8253
9837
4057
9742
2202
4672
1466
9929
3418
9666
3800
8623
5728
2474
3551
9345
342
5190
2758
4012
649
2112
6764
3134
6066
6602
9717
3310
1986
3542
7474
4020
8596
4730
3275
9981
9682
499
7960
1308
7197
4246
2685
4863
2109
3943
4022
426
2908
8843
5700
7194
2086
1678
7274
3122
9815
8618
1415
3857
5825
5808
1319
2590
6694
7622
3322
8967
511
7445
4858
146
4890
2361
8249
4430
6829
9650
7037
8389
9916
167
7243
7311
1671
2529
5056
5146
1405
3529
8164
7519
7225
7597
9993
4949
5568
9362
3357
3045
7812
7013
867
3078
6872
3361
319
1472
5033
3608
2388
9412
1776
100
5048
5176
6639
2925
5138
5050
9520
3246
8319
1882
5121
1535
7477
5275
7100
9554
9138
656
5562
6095
866
2235
1448
7955
8598
9081
5185
3079
5307
6956
713
7233
2945
2182
5857
5327
1844
2815
5403
6408
3946
3068
144
6004
8821
4106
1717
654
8959
5055
9992
4127
4191
6714
2846
9454
764
7942
7976
9323
472
4475
8495
6609
1751
7479
9633
8490
6069
5983
1219
456
9571
8750
8675
8313
1687
6055
2719
3792
9497
1186
5092
8707
3413
6562
6489
3179
2511
6137
2667
3455
5456
6019
1028
5696
2722
4675
292
9273
4593
382
4367
5088
6888
3698
1648
2400
3650
5880
4009
4440
8863
7038
596
8628
4174
6172
1074
3238
3579
1786
2422
1479
2561
7223
8231
4114
7264
574
3088
1881
6528
5349
164
5512
1998
2428
1143
6400
1955
2336
9627
136
371
8794
6747
2214
9255
4304
4004
823
5389
7883
6456
8339
9127
1707
8376
229
4402
7725
4584
1585
9548
1744
1713
7475
6845
2849
6068
1095
6945
1741
9767
2213
7728
517
1151
4665
1550
4341
3473
9763
9432
6071
5184
9585
9356
6333
8513
7059
8467
9197
2373
5105
2396
9770
8995
4126
8168
6145
3320
2142
7910
8241
9281
1893
1653
5791
1764
2033
3766
515
7458
6230
5324
4629
4763
448
8252
6834
6169
85
3872
1194
3873
2489
7108
9508
557
329
4703
2663
9606
210
7817
9563
3397
4690
3609
9880
6536
3146
7249
4352
6925
4855
2190
2660
7405
6530
4049
3281
8355
4086
2180
3004
4900
2000
7066
5220
6964
1395
4250
4293
5224
9069
3644
395
3395
9997
4234
2507
1616
5432
553
3408
5061
5126
2599
4628
7978
6625
640
1230
3942
3539
9586
38
1214
7802
7080
1294
6559
3545
6538
4662
538
5651
6779
7179
6500
6837
5210
3992
1517
2002
2866
3443
4864
7417
4553
1394
4074
2049
128
7210
5486
5418
4398
1258
2431
7755
8878
6782
5238
2793
6616
7336
5478
1228
1285
759
3771
645
4285
3575
778
8456
8473
8589
3703
1728
7871
3518
8517
6918
5166
304
4481
6378
5333
9372
7435
6009
1205
2288
3331
414
6135
5596
5858
8972
99
9816
6802
4441
5612
467
6541
1748
1858
7073
4390
4335
8858
4140
3685
5261
1409
8716
5554
509
3387
6427
6723
6196
1504
5237
4803
5991
6777
4490
2089
8531
7471
2780
1344
8237
1977
701
6289
7695
1494
1702
4808
3826
2762
2625
6495
1774
1745
2340
2020
4162
9085
1454
4732
1337
8981
2786
6490
4107
7199
8680
1818
9282
554
528
6448
1698
8147
5908
3201
9706
7010
6347
1459
5632
9134
9583
2195
8174
3480
7374
3874
5019
6505
5721
575
647
8782
882
1410
2457
10
3108
9967
4182
7202
400
7612
1434
9451
675
733
923
855
365
2634
506
1994
5706
8555
839
4814
2152
3449
775
4399
9812
3367
8102
1537
2074
1316
875
2145
2894
1579
8964
4667
3770
7237
3484
5662
9054
997
931
4767
7701
9076
9888
9523
7775
2824
904
6113
9118
4504
4815
5095
3258
6027
7282
4741
4274
5000
2021
103
8701
238
9516
9327
1302
8644
5195
7459
5292
5067
2104
3121
5501
4040
4380
3515
4177
8639
938
2963
4789
6836
5493
5576
8500
6160
1679
8037
9732
7407
2937
7627
9230
3901
3905
788
9368
1610
7188
705
7461
4799
19
853
9137
333
2076
330
4648
7079
9612
15
6265
9034
3351
4734
3125
1948
2862
6288
3723
405
9193
8488
2928
8406
2346
6900
1880
9843
3373
2366
7036
2312
6140
6724
1571
1417
4197
9635
